0.6782608695652174
0.41739130434782606
0.24675324675324675
0.08695652173913043
0.9043478260869565
0.20869565217391303
0.08620689655172414
0.0771604938271605
0.9827586206896551
0.5864197530864198
0.234375
0.23148148148148148
0.9217391304347826
0.578125
0.18181818181818182
0.9567901234567902
0.9043478260869565
0.7870370370370371
0.38580246913580246
0.17391304347826086
0.0925925925925926
0.875
0.359375
0.41739130434782606
0.6551724137931034
0.1875
0.24347826086956523
0.8179012345679013
0.53125
0.5391304347826087
0.8347826086956521
0.06493506493506493
0.25862068965517243
0.1038961038961039
0.12173913043478261
0.6206896551724138
0.8179012345679013
0.782608695652174
0.6327160493827161
0.19130434782608696
0.53125
0.2782608695652174
0.43478260869565216
0.5565217391304348
0.9043478260869565
0.4012345679012346
0.3652173913043478
0.4482758620689655
0.9739130434782609
0.25
0.5615550755939526
0.08695652173913043
0.2956521739130435
0.265625
0.33043478260869563
0.20869565217391303
0.9413580246913581
0.5
0.125
0.5246913580246914
0.34782608695652173
0.5217391304347826
0.78125
0.7652173913043478
0.6724137931034483
0.7304347826086957
0.203125
0.7532467532467533
0.591304347826087
0.33043478260869563
0.9104938271604939
0.6260869565217392
0.7478260869565218
0.38876889848812096
0.5844155844155844
0.5862068965517241
0.45454545454545453
0.7130434782608696
0.9391304347826087
0.4
0.1206896551724138
0.078125
0.603448275862069
0.08695652173913043
0.6551724137931034
0.6493506493506493
0.961038961038961
0.41379310344827586
0.3275862068965517
0.140625
0.08695652173913043
0.6782608695652174
0.6790123456790124
0.8
0.6782608695652174
0.2782608695652174
0.9391304347826087
0.640625
0.41379310344827586
0.3826086956521739
0.296875
0.2782608695652174
0.6782608695652174
0.8620689655172413
0.515625
0.9719222462203024
0.3652173913043478
0.33043478260869563
0.3793103448275862
0.1511879049676026
0.6944444444444444
0.8487654320987654
0.703125
0.90625
0.9655172413793104
0.5864197530864198
0.08695652173913043
0.1565217391304348
0.8024691358024691
0.1391304347826087
0.6481481481481481
0.5043478260869565
0.3455723542116631
0.08695652173913043
0.734341252699784
0.6086956521739131
0.21875
0.8639308855291578
0.6883116883116883
0.8103448275862069
0.734375
0.3103448275862069
0.1391304347826087
0.46551724137931033
0.4783950617283951
0.3826086956521739
0.3826086956521739
0.9375
0.3652173913043478
0.7413793103448276
0.4967602591792657
0.6753246753246753
0.6047516198704104
0.6623376623376623
0.5399568034557236
0.6944444444444444
0.9104938271604939
0.08695652173913043
0.265625
0.8173913043478261
0.17391304347826086
0.8620689655172413
0.7304347826086957
0.43478260869565216
0.5399568034557236
0.5043478260869565
0.5517241379310345
0.5391304347826087
0.896551724137931
0.22608695652173913
0.5246913580246914
0.603448275862069
0.12173913043478261
0.09375
0.0925925925925926
0.8103448275862069
0.6635802469135803
0.2608695652173913
0.078125
0.7407407407407408
0.1896551724137931
0.7241379310344828
0.22413793103448276
0.9827586206896551
0.08695652173913043
0.078125
0.4
0.5689655172413793
0.2956521739130435
0.0925925925925926
0.8448275862068966
0.617283950617284
0.9391304347826087
0.8448275862068966
0.1388888888888889
0.1896551724137931
0.640625
0.328125
0.0771604938271605
0.4
0.6086956521739131
0.17391304347826086
0.08695652173913043
0.3455723542116631
0.8347826086956521
0.6782608695652174
0.5391304347826087
0.10344827586206896
0.609375
0.33043478260869563
0.8448275862068966
0.6608695652173913
0.8961038961038961
0.35064935064935066
0.46956521739130436
0.10344827586206896
0.9739130434782609
0.19130434782608696
0.6635802469135803
0.3652173913043478
0.9655172413793104
0.43478260869565216
0.6260869565217392
0.5391304347826087
0.703125
